00000000000000000001011000000001
00000000000010010000000000010110
10111111001000001011001101110011
00000000000001010000000000000000
10111110111001110001000011110001
00000000000000000000000000000011
00000000000010000000000000011000
10111111011001010101100101000111
00000000000000000000000000000101
00000000000000000000000000000101
00000000000011110000000000001100
00111110101011001110001111000111
00000000000011100000000000001100
10111111100110100110100111011001
00000000000000000000000000000101
00000000000000000000000000000011
00000000000100100000000000010010
10111111001011011110000011101100
00000000000000000000000000000011
00000000000101010000000000001000
10111111010010001010101100001100
00000000000000000000000000000011
00000000000000000000000000000001
00000000000000000001100100000010
00000000000010010000000000001100
10111111001101100010111110111100
00000000000010000000000000001000
00111111111100011001101010111110
00000000000001110000000000000100
10111110111100001100011110000111
00000000000000000000000000000101
00000000000000000000000000000101
00000000000000000000000000000011
00000000000100100000000000001100
00111110101000101010011111111100
00000000000100010000000000000010
00111111101010010110010110001000
00000000000100000000000000010010
00111111110100111011111110000110
00000000000000000000000000000011
00000000000000000000000000000101
00000000000000000000000000000011
00000000000101010000000000010010
10111111001000011100000100111000
00000000000000000000000000000011
00000000000110000000000000011000
10111101101010010011110010000000
00000000000000000000000000000011
00000000000000000000000000000001
00000000000000000001000000000011
00000000000000110000000000001100
10111111100001011111001001000010
00000000000000000000000000000101
00000000000011000000000000001100
00111110101000101010011111111100
00000000000010000000000000010110
10111111101010000110100110111110
00000000000000000000000000000101
00000000000010110000000000000000
00111101101111010110011011010111
00000000000000000000000000000011
00000000000000000000000000000011
00000000000011110000000000000000
10111101111001000011100100100011
00000000000000000000000000000011
00000000000000000000000000000001
00000000000000000001001100000100
00000000000001100000000000001100
10111111001001000100011100010111
00000000000001010000000000010100
10111110011111111101100000110010
00000000000000000000000000000101
00000000000000000000000000000011
00000000000010010000000000010010
10111111001011001100011011000101
00000000000000000000000000000011
00000000000011000000000000010110
10111101101010011001000101000010
00000000000000000000000000000011
00000000000011110000000000001100
00111110000001111111110111000001
00000000000000000000000000000011
00000000000100100000000000001000
10111111001111111110011010000111
00000000000000000000000000000011
00000000000000000000000000000001
00000000000000000001110000000101
00000000000011000000000000001100
10111111000110100000101101001100
00000000000001010000000000000100
10111111000000011001011100110100
00000000000000000000000000000011
00000000000010000000000000001110
10111111110101010101010110101100
00000000000000000000000000000011
00000000000010110000000000010100
00111110010101011010001011100111
00000000000000000000000000000101
00000000000000000000000000000011
00000000000101010000000000010010
10111111000000110111000111110101
00000000000101000000000000001100
00111111010101010001010111011011
00000000000100110000000000000110
10111111100010100110111100101011
00000000000000000000000000000001
00000000000000000000000000000011
00000000000000000000000000000001
00000000000110000000000000001000
10111111001111111110011010000111
00000000000000000000000000000011
00000000000110110000000000001100
10111101111001010111011001110010
00000000000000000000000000000011
00000000000000000000000000000001
00000000000000000001000000000110
00000000000001100000000000000000
10111110000101110011101111011010
00000000000001010000000000001100
10111111100001111101110101111000
00000000000000000000000000000101
00000000000000000000000000000011
00000000000010010000000000010100
10111111000110110000000101011100
00000000000000000000000000000101
00000000000011000000000000001010
00111101100100111111101001011011
00000000000000000000000000000101
00000000000011110000000000010010
10111111001100101101011010011111
00000000000000000000000000000011
00000000000000000000000000000001
00000000000000000001001100000111
00000000000011000000000000001100
00111110101000000001100100001001
00000000000001010000000000001010
10111111011010010100100101011100
00000000000000000000000000000101
00000000000010110000000000000110
00111111101110101110011010010001
00000000000010100000000000000010
00111111000111011101011100111010
00000000000000000000000000000011
00000000000000000000000000000101
00000000000000000000000000000101
00000000000011110000000000011000
10111110010111001001010011101100
00000000000000000000000000000011
00000000000100100000000000011000
00111111010101101010100001000010
00000000000000000000000000000001
00000000000000000000000000000001
00000000000000000001011000001000
00000000000011000000000000001010
00111110000100101000000010110010
00000000000010000000000000000010
10111110000010010110011101111011
00000000000001110000000000010110
10111111101100010010000111010011
00000000000000000000000000000101
00000000000000000000000000000011
00000000000010110000000000001100
10111111001110110100110110100001
00000000000000000000000000000101
00000000000000000000000000000011
00000000000011110000000000011000
10111110010111001001010011101100
00000000000000000000000000000011
00000000000101010000000000000110
10111110001010101000001001110001
00000000000101000000000000010110
10111110110000000101110000011011
00000000000000000000000000000011
00000000000000000000000000000001
00000000000000000000000000000011
00000000000000000001011000001001
00000000000100100000000000001110
00111110010110000001010111001000
00000000000010000000000000011000
10111100111001000100001111111100
00000000000001110000000000010000
10111111100001010111110011011100
00000000000000000000000000000011
00000000000000000000000000000011
00000000000010110000000000000010
10111111011110100010010100110101
00000000000000000000000000000011
00000000000011100000000000001100
00111110101100100000000110101101
00000000000000000000000000000001
00000000000100010000000000000000
00111101110011111111011001111100
00000000000000000000000000000011
00000000000000000000000000000001
00000000000101010000000000001100
10111111010100111001101110100101
00000000000000000000000000000101
00000000000000000000000000000011
00000000000000000001000000001010
00000000000001100000000000010010
10111111000011011110101001101110
00000000000001010000000000000100
01000000000100110000010101000100
00000000000000000000000000000011
00000000000000000000000000000001
00000000000011000000000000010110
10111101111000010101111010010011
00000000000010110000000000010100
10111101010001100111111011101101
00000000000000000000000000000101
00000000000000000000000000000011
00000000000011110000000000001010
00111111111000011100100001011111
00000000000000000000000000000001
00000000000000000000000000000011
00000000000000000001001100001011
00000000000001100000000000001100
10111111010001000100000111110011
00000000000001010000000000000100
00111111101010011101010000011010
00000000000000000000000000000101
00000000000000000000000000000101
00000000000010010000000000000000
10111110000011011111010000001000
00000000000000000000000000000011
00000000000100100000000000010010
00111111111000011000011001110111
00000000000011100000000000010110
10111110000011001001010111110010
00000000000000000000000000000011
00000000000100010000000000011000
10111111000001110000011000100110
00000000000000000000000000000011
00000000000000000000000000000001
00000000000000000000000000000101
00000000000000000001001100001100
00000000000001100000000000001000
10111111001011100101110101111101
00000000000001010000000000001110
00111110010110000001010111001000
00000000000000000000000000000011
00000000000000000000000000000011
00000000000010010000000000010100
10111111010001101110000111001101
00000000000000000000000000000101
00000000000011000000000000000000
10111110000000000000100001001100
00000000000000000000000000000011
00000000000011110000000000010000
10111111010000010100101110100110
00000000000000000000000000000101
00000000000100100000000000000000
00111101110011111111011001111100
00000000000000000000000000000001
00000000000000000000000000000001
00000000000000000001001100001101
00000000000000110000000000001100
10111111100001011111001001000010
00000000000000000000000000000101
00000000000010010000000000011000
10111100111001000100001111111100
00000000000010000000000000010010
10111110111001001011100100011100
00000000000000000000000000000011
00000000000000000000000000000011
00000000000011000000000000010000
10111111101000101011111000110111
00000000000000000000000000000011
00000000000011110000000000000000
10111110110101101101001101000000
00000000000000000000000000000011
00000000000100100000000000000110
00111111111000000001010011101111
00000000000000000000000000000001
00000000000000000000000000000011
00000000000000000001000000001110
00000000000001100000000000001100
10111111000110100000101101001100
00000000000001010000000000010100
10111110101010111100110010001001
00000000000000000000000000000101
00000000000000000000000000000011
00000000000010010000000000000000
10111101111001000011100100100011
00000000000000000000000000000011
00000000000011000000000000001100
10111101111001010111011001110011
00000000000000000000000000000011
00000000000011110000000000010010
10111111001011011110000011101100
00000000000000000000000000000011
00000000000000000000000000000001
00000000000000000001001100001111
00000000000001100000000000010100
10111111001110111110100110110001
00000000000001010000000000010110
10111110011001110100001110010110
00000000000000000000000000000101
00000000000000000000000000000011
00000000000011000000000000001010
10111100101101011001000101101100
00000000000010110000000000010100
10111110110111100100000111011000
00000000000000000000000000000011
00000000000000000000000000000011
00000000000011110000000000011000
00111101100010001010111010000010
00000000000000000000000000000011
00000000000100100000000000001000
01000000000110011010111001010010
00000000000000000000000000000001
00000000000000000000000000000011
00000000000000000001011000010000
00000000000001100000000000000110
10111110111110001101101000001100
00000000000001010000000000001100
00111110001101100000101011010101
00000000000000000000000000000011
00000000000000000000000000000001
00000000000010010000000000010000
10111111000010110001111001111001
00000000000000000000000000000101
00000000000101010000000000000100
00111111011011100111001001011111
00000000000101000000000000011000
00111111011101000110011000110111
00000000000100110000000000011000
10111110010100001010111101010110
00000000000100100000000000010010
00111111010010111001110100100101
00000000000000000000000000000011
00000000000000000000000000000101
00000000000000000000000000000011
00000000000000000000000000000001
00000000000000000000000000000001
00000000000000000001001100010001
00000000000001100000000000010010
10111111000010000110011110100111
00000000000001010000000000001000
10111110010011100111100011011011
00000000000000000000000000000011
00000000000000000000000000000011
00000000000100100000000000010010
00111111100010010101101000010010
00000000000010110000000000001100
10111111001010000001110110000100
00000000000000000000000000000101
00000000000011100000000000001000
10111111001101110010001000000010
00000000000000000000000000000011
00000000000100010000000000000010
10111111010110111100110010011101
00000000000000000000000000000011
00000000000000000000000000000001
00000000000000000000000000000101
00000000000000000001001100010010
00000000000010010000000000011000
00111101100010001010111010000010
00000000000010000000000000010010
10111101101011100011110001010011
00000000000001110000000000001100
10111111001110100000011000101000
00000000000000000000000000000101
00000000000000000000000000000011
00000000000000000000000000000101
00000000000011000000000000010010
10111111001000110110100001110011
00000000000000000000000000000011
00000000000100100000000000000110
00111101100001101110011001000001
00000000000100010000000000001100
10111110110110101000101101100011
00000000000000000000000000000101
00000000000000000000000000000001
00000000000000000000000000000101
00000000000000000001000000010011
00000000000001100000000000010010
10111110111001001011100100011100
00000000000001010000000000000110
10111111010011100011100101110000
00000000000000000000000000000011
00000000000000000000000000000011
00000000000011000000000000010110
10111110110010101101001010011010
00000000000010110000000000000100
10111111100010100110011100011110
00000000000000000000000000000011
00000000000000000000000000000101
00000000000011110000000000000000
00111110001011011001010111100111
00000000000000000000000000000011
00000000000000000000000000000001
00000000000000000001100100010100
00000000000010010000000000010010
10111111000010000110011110100111
00000000000010000000000000011000
00111111011000110110011101100010
00000000000001110000000000000100
01000000001000110001111101001001
00000000000000000000000000000011
00000000000000000000000000000001
00000000000000000000000000000001
00000000000011110000000000010100
10111110101100100110000101100111
00000000000011100000000000010010
10111101101101110000110110010000
00000000000000000000000000000101
00000000000000000000000000000101
00000000000100100000000000010110
10111101111111010100010100111100
00000000000000000000000000000011
00000000000110000000000000001100
00111111110111101111001100011001
00000000000101110000000000000110
10111110011001011111111111010101
00000000000000000000000000000001
00000000000000000000000000000001
00000000000000000000000000000011
00000000000000000001011000010101
00000000000001100000000000010100
10111111001110111110100110110001
00000000000001010000000000001010
00111111000000010100100000111001
00000000000000000000000000000101
00000000000000000000000000000011
00000000000100100000000000001100
00111111001010011001011110111001
00000000000010110000000000001100
10111111100010111011001111100101
00000000000000000000000000000101
00000000000100010000000000011000
00111111011011101110000000110010
00000000000100000000000000000000
00111101100001011011011111101001
00000000000000000000000000000011
00000000000000000000000000000001
00000000000000000000000000000001
00000000000101010000000000000000
10111110001101111011011100111011
00000000000000000000000000000011
00000000000000000000000000000001
00000000000000000001001100010110
00000000000001100000000000000000
10111110000100101001011111110001
00000000000001010000000000001100
10111111011111001000101011010011
00000000000000000000000000000101
00000000000000000000000000000011
00000000000011000000000000010100
10111110000010010110000010011100
00000000000010110000000000001110
10111110100110000101010011011110
00000000000000000000000000000001
00000000000000000000000000000101
00000000000011110000000000001010
10111110100011000100001011100101
00000000000000000000000000000101
00000000000100100000000000001010
00111111110001101001011100001101
00000000000000000000000000000001
00000000000000000000000000000011
00000000000000000001011000010111
00000000000001100000000000010100
10111111001110111110100110110001
00000000000001010000000000010110
10111110100011000000101110011111
00000000000000000000000000000101
00000000000000000000000000000011
00000000000100100000000000011000
00111101100010001010111010000010
00000000000010110000000000010110
10111111100100001101111100011111
00000000000000000000000000000101
00000000000011100000000000010110
10111111000010100000100000001010
00000000000000000000000000000011
00000000000100010000000000011000
10111110010010000010111111101011
00000000000000000000000000000011
00000000000000000000000000000011
00000000000101010000000000000010
10111111011101001000011010010100
00000000000000000000000000000011
00000000000000000000000000000001
00000000000000000001011000011000
00000000000001100000000000000000
10111110000011011111010000001000
00000000000001010000000000010110
10111111010000011101010101011100
00000000000000000000000000000101
00000000000000000000000000000011
00000000000011000000000000010100
10111111000110110000000101011100
00000000000010110000000000000010
01000000001111000110000101110111
00000000000000000000000000000101
00000000000000000000000000000011
00000000000011110000000000010010
10111111001011111000100000101000
00000000000000000000000000000011
00000000000100100000000000011000
10111110101010011100011001100001
00000000000000000000000000000101
00000000000101010000000000000110
00111101101001001010010011110011
00000000000000000000000000000001
00000000000000000000000000000001
00000000000000000001100100011001
00000000000010010000000000001100
10111111001111001001010100011011
00000000000001010000000000000010
10111111100100000010110111110001
00000000000000000000000000000011
00000000000010000000000000001110
10111111110101010101010110101100
00000000000000000000000000000011
00000000000000000000000000000101
00000000000101010000000000000100
10111101111000110000101011110100
00000000000101000000000000010110
00111111011110101101011011000100
00000000000100000000000000000100
10111111100110000011010001000111
00000000000000000000000000000011
00000000000100110000000000000000
00111110000011010001101010000111
00000000000000000000000000000011
00000000000000000000000000000001
00000000000000000000000000000001
00000000000110000000000000000110
00111101101001001010010011110011
00000000000000000000000000000001
00000000000000000000000000000011
00000000000000000001100100011010
00000000000101010000000000000010
10111101111101111101010110001100
00000000000010110000000000001010
00111110000100101000000010110010
00000000000010100000000000011000
00111111010100100110100010001100
00000000000010010000000000011000
10111110101010011100011001100001
00000000000000000000000000000011
00000000000000000000000000000011
00000000000000000000000000000001
00000000000011100000000000010010
10111111001011011110000011101100
00000000000000000000000000000011
00000000000100010000000000000000
10111110000110111101111111000011
00000000000000000000000000000011
00000000000101000000000000010110
10111111000011110100001101001010
00000000000000000000000000000101
00000000000000000000000000000001
00000000000110000000000000010110
10111110101101011110010110011100
00000000000000000000000000000101
00000000000000000000000000000011
00000000000000000001011000011011
00000000000010010000000000010000
10111111000011110111010000000010
00000000000001010000000000010010
10111111000001111101101010010100
00000000000000000000000000000011
00000000000010000000000000011000
10111111011001010101100101000111
00000000000000000000000000000011
00000000000000000000000000000101
00000000000011000000000000000000
10111101111001000011100100100011
00000000000000000000000000000011
00000000000011110000000000001010
10111100101101011001000101101010
00000000000000000000000000000101
00000000000100100000000000011000
10111110010111001001010011101100
00000000000000000000000000000011
00000000000101010000000000000110
01000000000101010011100011010110
00000000000000000000000000000001
00000000000000000000000000000011
00000000000000000001100100011100
00000000000010010000000000010110
10111111001000001011001101110011
00000000000001010000000000010010
10111111001100010010111101100011
00000000000000000000000000000011
00000000000010000000000000010000
10111100100110000101110110010111
00000000000000000000000000000101
00000000000000000000000000000101
00000000000011000000000000001010
10111110011000000001111110000000
00000000000000000000000000000011
00000000000011110000000000001100
00111110101011001110001111000111
00000000000000000000000000000011
00000000000110000000000000001110
00111111000001100010001011101001
00000000000101000000000000000000
10111110010100111000111010110001
00000000000000000000000000000011
00000000000101110000000000000110
00111111000001000001111110111010
00000000000000000000000000000001
00000000000000000000000000000011
00000000000000000000000000000011
00000000000000000001000000011101
00000000000001100000000000010010
10111111000010111011011000011110
00000000000001010000000000000110
10111111011101110001111110100101
00000000000000000000000000000001
00000000000000000000000000000011
00000000000011000000000000011000
00111110111000010101111010000010
00000000000010110000000000001100
10111111000001101101101100101110
00000000000000000000000000000101
00000000000000000000000000000011
00000000000011110000000000000010
00111110010001111100011000111011
00000000000000000000000000000001
00000000000000000000000000000101
00000000000000000001001100011110
00000000000010010000000000010110
10111111000001001100110011001011
00000000000001010000000000000110
10111111001011001100001011101000
00000000000000000000000000000011
00000000000010000000000000001100
10111111000101110111110001011001
00000000000000000000000000000101
00000000000000000000000000000011
00000000000011000000000000001000
10111111001011100101110101111101
00000000000000000000000000000011
00000000000011110000000000001010
00111101001001110000101011101000
00000000000000000000000000000011
00000000000100100000000000000000
00111101110011111111011001111100
00000000000000000000000000000011
00000000000000000000000000000001
00000000000000000001001100011111
00000000000011000000000000001100
10111111000010010110101000100001
00000000000010110000000000001000
00111111111100011001101010111110
00000000000010100000000000010100
00111101000110001000010010010110
00000000000010010000000000010010
10111111001100010010111101100011
00000000000000000000000000000011
00000000000000000000000000000101
00000000000000000000000000000011
00000000000000000000000000000011
00000000000011110000000000000000
00111101111101010001010111000101
00000000000000000000000000000011
00000000000100100000000000011000
10111110001100100001011111010110
00000000000000000000000000000011
00000000000000000000000000000001
00000000000000000001000000100000
00000000000001100000000000010100
10111110101100100110000101100111
00000000000001010000000000001110
00111110111001000011011100010111
00000000000000000000000000000011
00000000000000000000000000000101
00000000000011000000000000011000
00111101100010001010111010000010
00000000000010110000000000010100
10111110000111110101000011010100
00000000000000000000000000000101
00000000000000000000000000000011
00000000000011110000000000010010
10111111001010001110101100111010
00000000000000000000000000000011
00000000000000000000000000000001
00000000000000000001001100100001
00000000000001100000000000000000
10111110000011011111010000001000
00000000000001010000000000010010
10111110000001111001110011111011
00000000000000000000000000000011
00000000000000000000000000000101
00000000000010010000000000010000
10111111000000000100100010100100
00000000000000000000000000000101
00000000000011000000000000010100
10111110101111010101100110000011
00000000000000000000000000000101
00000000000011110000000000001010
10111110101011000111110101011000
00000000000000000000000000000011
00000000000100100000000000010010
10111111001011111000100000101000
00000000000000000000000000000011
00000000000000000000000000000001
00000000000000000001000000100010
00000000000001100000000000010110
10111111010010101000110101110000
00000000000001010000000000010010
10111111001010101001001001110101
00000000000000000000000000000011
00000000000000000000000000000101
00000000000011000000000000011000
10111100111001000100001111111100
00000000000010110000000000010000
10111111100000110101001000011000
00000000000000000000000000000011
00000000000000000000000000000011
00000000000011110000000000010010
10111111001011001100011011000101
00000000000000000000000000000011
00000000000000000000000000000001
00000000000000000001001100100011
00000000000010010000000000001100
10111111001010101010110001110111
00000000000001010000000000000010
10111111001001001011101000001101
00000000000000000000000000000011
00000000000010000000000000010100
10111110000111110101000011010100
00000000000000000000000000000101
00000000000000000000000000000011
00000000000011000000000000010010
10111111001001100010100111010111
00000000000000000000000000000011
00000000000011110000000000010110
10111101111111010100010100111100
00000000000000000000000000000011
00000000000100100000000000001110
00111101101111111101001100101011
00000000000000000000000000000001
00000000000000000000000000000001
00000000000000000001001100100100
00000000000001100000000000001100
10111111001101100010111110111100
00000000000001010000000000010010
10111111000100101110000000100000
00000000000000000000000000000011
00000000000000000000000000000101
00000000000011000000000000010010
10111111000010000110011110100111
00000000000010110000000000000100
01000000001000110001111101001001
00000000000000000000000000000011
00000000000000000000000000000001
00000000000100100000000000000110
00111110111000110001000100010110
00000000000100010000000000011000
10111101100001110011111011010101
00000000000000000000000000000011
00000000000000000000000000000001
00000000000000000000000000000011
00000000000000000001011000100101
00000000000011000000000000010010
10111110111101010100000101101111
00000000000010110000000000000010
00111111111100000011010001000001
00000000000010100000000000000110
00111111101110101110011010010001
00000000000010010000000000001100
00111111010101010001010111011011
00000000000000000000000000000011
00000000000000000000000000000011
00000000000000000000000000000001
00000000000000000000000000000101
00000000000011110000000000010100
10111111000010101000110100110010
00000000000000000000000000000101
00000000000100100000000000010110
00111101001000110001010101011000
00000000000000000000000000000101
00000000000101010000000000011000
10111101100001110011111011010101
00000000000000000000000000000011
00000000000000000000000000000001
00000000000000000001001100100110
00000000000001100000000000001100
10111111010101001110001100011110
00000000000001010000000000000100
11000000000100010001101111101111
00000000000000000000000000000011
00000000000000000000000000000101
00000000000011110000000000000100
00111110011011000001110100111000
00000000000011100000000000011000
00111101111111111010011001011000
00000000000011010000000000000000
00111110000100011011111001110000
00000000000000000000000000000011
00000000000000000000000000000011
00000000000000000000000000000001
00000000000100100000000000011000
10111110100100101101010011000001
00000000000000000000000000000011
00000000000000000000000000000001
00000000000000000001001100100111
00000000000100100000000000011000
00111111010000000010001101100111
00000000000011100000000000010010
10111101100010101111011101011101
00000000000001110000000000000100
10111110100010111001000110110001
00000000000000000000000000000011
00000000000011010000000000000010
00111111111101111000001001111000
00000000000011000000000000000110
00111101100001101110011001000001
00000000000000000000000000000001
00000000000000000000000000000011
00000000000000000000000000000101
00000000000100010000000000010110
00111110000100010110011001001110
00000000000000000000000000000101
00000000000000000000000000000001
00000000000000000000000000000001
00000000000000000001100100101000
00000000000010010000000000010110
10111111000100010000000110110100
00000000000010000000000000010100
10111101101110110000000001010111
00000000000001110000000000010000
10111100100110000101110110010111
00000000000000000000000000000101
00000000000000000000000000000101
00000000000000000000000000000011
00000000000100100000000000010010
10111110111101010100000101101111
00000000000100010000000000010110
00111111101100001101110010101001
00000000000100000000000000000100
01000000000011100110101110001100
00000000000000000000000000000011
00000000000000000000000000000001
00000000000000000000000000000001
00000000000110000000000000001110
00111111001001000010110111110110
00000000000101110000000000000010
10111111100001111011111111111111
00000000000000000000000000000011
00000000000000000000000000000001
00000000000000000000000000000001
00000000000000000001001100101001
00000000000010010000000000010110
10111111000010100000100000001010
00000000000001010000000000000110
10111111001001010101001100111011
00000000000000000000000000000011
00000000000010000000000000010010
10111111001100010010111101100011
00000000000000000000000000000011
00000000000000000000000000000101
00000000000011000000000000000000
10111101100110011111101010010000
00000000000000000000000000000011
00000000000011110000000000011000
10111110001100100001011111010110
00000000000000000000000000000011
00000000000100100000000000001110
10111111100110010011111110010011
00000000000000000000000000000001
00000000000000000000000000000001
00000000000000000001100100101010
00000000000011000000000000010110
10111111000010100000100000001010
00000000000001010000000000000100
10111111100010100110011100011110
00000000000000000000000000000011
00000000000010000000000000001000
10111111011101001000000110100101
00000000000000000000000000000011
00000000000010110000000000010000
10111111111100011101011100110101
00000000000000000000000000000011
00000000000000000000000000000101
00000000000011110000000000001010
00111010101111001101010010100000
00000000000000000000000000000011
00000000000100100000000000001100
00111110101000000001100100001001
00000000000000000000000000000011
00000000000101010000000000010010
10111111001011011110000011101100
00000000000000000000000000000011
00000000000110000000000000010100
10111111001110111110100110110000
00000000000000000000000000000011
00000000000000000000000000000001
00000000000000000001001100101011
00000000000000110000000000001100
10111111100001011111001001000010
00000000000000000000000000000101
00000000000011110000000000000100
10111110001010001011101000011101
00000000000011100000000000010000
00111101101110110100100001011101
00000000000011010000000000000000
00111111001110001110110011000010
00000000000011000000000000000110
10111111110110100101111110101011
00000000000000000000000000000001
00000000000000000000000000000011
00000000000000000000000000000001
00000000000000000000000000000011
00000000000100100000000000000010
10111110100000010110010011101110
00000000000000000000000000000001
00000000000000000000000000000011
00000000000000000001011000101100
00000000000011000000000000011000
00111101100010001010111010000010
00000000000010000000000000010010
10111110000000110011010001011100
00000000000001110000000000010010
10111110111010010010000110111011
00000000000000000000000000000011
00000000000000000000000000000011
00000000000010110000000000010100
10111110010010110011000101000101
00000000000000000000000000000101
00000000000000000000000000000011
00000000000101010000000000000110
00111111111100101010110000011111
00000000000101000000000000001000
01000000010000110101001111001001
00000000000100110000000000000000
10111110101001100001101000110000
00000000000000000000000000000101
00000000000000000000000000000001
00000000000000000000000000000011
00000000000000000000000000000011
00000000000000000001001100101101
00000000000010010000000000001100
10111111000110100000101101001100
00000000000001010000000000000010
10111111001010010011100011110101
00000000000000000000000000000011
00000000000010000000000000001110
10111111101100100100100011001000
00000000000000000000000000000011
00000000000000000000000000000101
00000000000011110000000000000000
00111101111101010001010111000101
00000000000011100000000000011000
00111100110000010011100010110000
00000000000000000000000000000011
00000000000000000000000000000011
00000000000100100000000000011000
10111110100001111100100010110110
00000000000000000000000000000011
00000000000000000000000000000001
00000000000000000001100100101110
00000000000001100000000000010100
10111111001110111110100110110001
00000000000001010000000000000000
10111110110010110011100101111001
00000000000000000000000000000011
00000000000000000000000000000101
00000000000011110000000000010010
10111111000010000110011110100111
00000000000011100000000000000100
01000000001000110001111101001001
00000000000011010000000000010110
00111111110100010001111101011100
00000000000000000000000000000011
00000000000000000000000000000001
00000000000000000000000000000001
00000000000100100000000000010110
10111101101010011001000101000010
00000000000000000000000000000101
00000000000110000000000000001110
00111111001001000010110111110110
00000000000101110000000000000110
10111110100111111001110111110101
00000000000000000000000000000001
00000000000000000000000000000001
00000000000000000000000000000011
00000000000000000001001100101111
00000000000000110000000000010100
10111111001110111110100110110001
00000000000000000000000000000101
00000000000001100000000000010010
10111111001011001100011011000101
00000000000000000000000000000011
00000000000010010000000000001100
00111101110111001101000010001001
00000000000000000000000000000011
00000000000100100000000000001010
00111111111010011101011011111100
00000000000011100000000000001000
10111111010100010110111110010001
00000000000000000000000000000011
00000000000100010000000000001100
01000000000110000110100010111010
00000000000000000000000000000001
00000000000000000000000000000011
00000000000000000000000000000011
00000000000000000001000000110000
00000000000001100000000000000000
10111110000011011111010000001000
00000000000001010000000000010110
10111111010111110111101001101111
00000000000000000000000000000101
00000000000000000000000000000011
00000000000011000000000000011000
00111101100010001010111010000010
00000000000010110000000000001000
10111111011000101111100010011100
00000000000000000000000000000011
00000000000000000000000000000101
00000000000011110000000000001100
10111110111100011001000111101101
00000000000000000000000000000101
00000000000000000000000000000001
00000000000000000001011000110001
00000000000010010000000000000000
10111110000000000000100001001101
00000000000001010000000000001100
10111111100100000010111000001101
00000000000000000000000000000101
00000000000010000000000000010010
10111110000001111001110011111011
00000000000000000000000000000011
00000000000000000000000000000011
00000000000011110000000000010000
00111101100001110100010111110101
00000000000011100000000000001100
10111111001101100010111110111100
00000000000000000000000000000101
00000000000000000000000000000001
00000000000101010000000000001110
00111111011111100100111100011100
00000000000101000000000000000010
10111111001101000111011000110110
00000000000000000000000000000001
00000000000000000000000000000001
00000000000000000000000000000101
00000000000000000001000000110010
00000000000001100000000000000000
10111110000011011111010000001000
00000000000001010000000000001100
10111111011110001011010001100111
00000000000000000000000000000101
00000000000000000000000000000011
00000000000011000000000000010110
10111101111111010100010100111100
00000000000010110000000000010110
10111111011101111110010001000010
00000000000000000000000000000101
00000000000000000000000000000011
00000000000011110000000000000100
10111110110000101100011001010100
00000000000000000000000000000001
00000000000000000000000000000001
00000000000000000001110000110011
00000000000010010000000000010010
10111111000010000110011110100111
00000000000010000000000000011000
00111111010011110000001001100010
00000000000001110000000000001000
00111111100110011110110110001011
00000000000000000000000000000011
00000000000000000000000000000011
00000000000000000000000000000001
00000000000100100000000000001010
10111110100001000011010001001000
00000000000100010000000000010100
00111111000000100011000101111110
00000000000100000000000000010110
10111111010010101000110101110000
00000000000000000000000000000101
00000000000000000000000000000101
00000000000000000000000000000011
00000000000110110000000000000110
00111110101111011110001010110111
00000000000101110000000000001110
10111111101011010100011011110000
00000000000000000000000000000011
00000000000110100000000000000000
10111101111001000011100100100011
00000000000000000000000000000011
00000000000000000000000000000001
00000000000000000000000000000011
00000000000000000001000000110100
00000000000011110000000000011000
00111111001110011100001111010111
00000000000010000000000000001100
10111111000111011110000110111000
00000000000001110000000000010010
10111111000001010001100100110000
00000000000000000000000000000011
00000000000000000000000000000101
00000000000011100000000000010010
10111110110011000111100110110100
00000000000011010000000000000100
01000000001000110001111101001001
00000000000000000000000000000011
00000000000000000000000000000001
00000000000000000000000000000001
00000000000000000000000000000001
00000000000000000001001100110101
00000000000001100000000000000000
10111110000011011111010000001000
00000000000001010000000000010010
10111110000001111001110011111011
00000000000000000000000000000011
00000000000000000000000000000101
00000000000011000000000000010110
10111101111111010100010100111100
00000000000010110000000000010100
10111111001000000111110101101010
00000000000000000000000000000101
00000000000000000000000000000011
00000000000011110000000000010100
10111111001001011111100101111000
00000000000000000000000000000011
00000000000100100000000000000010
10111111001101111101010101100100
00000000000000000000000000000001
00000000000000000000000000000001
00000000000000000001100100110110
00000000000011000000000000010010
10111110111101010100000101101111
00000000000010110000000000000100
01000000001000110001111101001001
00000000000010100000000000011000
00111111001110010101011100010001
00000000000010010000000000010110
10111111101101010111110111011101
00000000000000000000000000000101
00000000000000000000000000000011
00000000000000000000000000000001
00000000000000000000000000000001
00000000000101010000000000011000
10111101100001110011111011010100
00000000000101000000000000010110
10111110101111001101111101000110
00000000000100110000000000001000
10111111011101001000000110100101
00000000000000000000000000000011
00000000000000000000000000000101
00000000000000000000000000000011
00000000000110000000000000001010
10111110011000000001111110000001
00000000000000000000000000000101
00000000000000000000000000000001
00000000000000000001011000110111
00000000000011000000000000010110
10111111000010100000100000001010
00000000000010110000000000001100
10111111000110100000101101001100
00000000000001110000000000010000
10111111111100011101011100110101
00000000000000000000000000000011
00000000000010100000000000010000
10111110100101000011011011101111
00000000000000000000000000000101
00000000000000000000000000000101
00000000000000000000000000000011
00000000000100100000000000010010
10111111000011011110101001101110
00000000000100010000000000000100
01000000000100110000010101000100
00000000000000000000000000000011
00000000000000000000000000000001
00000000000101010000000000011000
10111110010111001001010011101100
00000000000000000000000000000011
00000000000000000000000000000001
00000000000000000001100100111000
00000000000010010000000000000110
10111110111010011111101010110011
00000000000001010000000000000010
10111111010110111100110010011101
00000000000000000000000000000011
00000000000010000000000000001010
10111110110111001101010100000111
00000000000000000000000000000011
00000000000000000000000000000001
00000000000011110000000000010100
10111111000100000000100101000000
00000000000011100000000000010010
10111110111001001011100100011100
00000000000000000000000000000011
00000000000000000000000000000101
00000000000110000000000000011000
00111111000011001011101000100001
00000000000101000000000000001100
10111111100111001111100011001100
00000000000000000000000000000101
00000000000101110000000000000110
10111110011001011111111111010101
00000000000000000000000000000011
00000000000000000000000000000011
00000000000000000000000000000001
00000000000000000001111100111001
00000000000110000000000000000010
00111101010011011010100111000000
00000000000010110000000000001100
00111110101000000001100100001001
00000000000001110000000000001100
10111111001101100010111110111100
00000000000000000000000000000011
00000000000010100000000000000000
00111110011011101000110010101000
00000000000000000000000000000011
00000000000000000000000000000011
00000000000011100000000000001000
10111111001101110010001000000010
00000000000000000000000000000011
00000000000101110000000000001000
01000000000110011010111001010010
00000000000100110000000000010010
10111111001101010000101011101110
00000000000000000000000000000011
00000000000101100000000000001110
00111111000001100010001011101001
00000000000000000000000000000001
00000000000000000000000000000001
00000000000000000000000000000011
00000000000111100000000000010100
10111110011000010010000101111101
00000000000111010000000000001010
10111110101011000111110101011001
00000000000000000000000000000101
00000000000000000000000000000011
00000000000000000000000000000011
00000000000000000001011000111010
00000000000011000000000000000000
10111110000011011111010000001000
00000000000010110000000000001110
00111111011101000100101101101100
00000000000001110000000000001010
10111111101100000001000001110011
00000000000000000000000000000011
00000000000010100000000000001000
00111110100111111100101100101001
00000000000000000000000000000011
00000000000000000000000000000011
00000000000000000000000000000101
00000000000100100000000000000010
10111101111101111101010110001100
00000000000100010000000000011000
00111101110011001010100111010111
00000000000000000000000000000011
00000000000000000000000000000001
00000000000101010000000000001010
00111101111101001010100110110111
00000000000000000000000000000101
00000000000000000000000000000001
00000000000000000001011000111011
00000000000100100000000000000010
00111101100100111100100111101000
00000000000001010000000000001000
10111111001111111110011010000111
00000000000000000000000000000011
00000000000010000000000000000010
10111111010110111100110010011101
00000000000000000000000000000011
00000000000100010000000000000110
00111101101001001010010011110011
00000000000011010000000000001010
00111010101111001101010010100000
00000000000000000000000000000011
00000000000100000000000000001100
00111110110001100111100101000100
00000000000000000000000000000011
00000000000000000000000000000001
00000000000000000000000000000011
00000000000101010000000000010110
10111110100111010111101111001000
00000000000000000000000000000101
00000000000000000000000000000011
00000000000000000000110100111100
00000000000010010000000000011000
00111101100010001010111010000010
00000000000001010000000000010010
10111111000001111101101010010100
00000000000000000000000000000011
00000000000010000000000000001010
10111111001000001100010111011000
00000000000000000000000000000101
00000000000000000000000000000011
00000000000011000000000000001100
00111110101011001110001111000111
00000000000000000000000000000011
00000000000000000000000000000001
00000000000000000001001100111101
00000000000001100000000000000000
10111110000001001010110000110110
00000000000001010000000000001100
10111111100011001111101101011110
00000000000000000000000000000101
00000000000000000000000000000011
00000000000011000000000000000110
10111110101101011110110011111011
00000000000010110000000000000010
10111111011010000010100110011001
00000000000000000000000000000011
00000000000000000000000000000001
00000000000100100000000000010100
00111101011100000100010101111000
00000000000100010000000000010110
10111111011000101111011101000100
00000000000000000000000000000101
00000000000000000000000000000101
00000000000000000000000000000011
00000000000000000001011000111110
00000000000001100000000000001100
10111111001101100010111110111100
00000000000001010000000000010100
00111110010101011010001011100111
00000000000000000000000000000101
00000000000000000000000000000011
00000000000011110000000000011000
00111101101010101010110000101101
00000000000010110000000000010100
10111111110000001010110111010101
00000000000000000000000000000101
00000000000011100000000000000110
10111111000000000010010011011100
00000000000000000000000000000011
00000000000000000000000000000011
00000000000100100000000000001100
00111110001001101011000100100100
00000000000000000000000000000011
00000000000101010000000000010110
00111111100111001100111011100000
00000000000000000000000000000001
00000000000000000000000000000001
00000000000000000001001100111111
00000000000011000000000000010010
10111110111101010100000101101111
00000000000010110000000000011000
00111111001100000110101011100001
00000000000001110000000000010000
10111111100111010101001101001100
00000000000000000000000000000011
00000000000010100000000000011000
00111110000001001110110001101100
00000000000000000000000000000011
00000000000000000000000000000011
00000000000000000000000000000001
00000000000011110000000000010110
10111110101111001101111101000110
00000000000000000000000000000101
00000000000100100000000000000000
00111101111101010001010111000101
00000000000000000000000000000011
00000000000000000000000000000001
00000000000000000001100101000000
00000000000001100000000000000000
10111110000001001010110000110110
00000000000001010000000000001100
10111111100001011111001001000010
00000000000000000000000000000101
00000000000000000000000000000011
00000000000100100000000000011000
00111101100010001010111010000010
00000000000010110000000000010010
10111110111110101100010000110110
00000000000000000000000000000011
00000000000011100000000000001000
10111111100000110000010101010111
00000000000000000000000000000011
00000000000100010000000000010010
10111110100101010101110111110100
00000000000000000000000000000101
00000000000000000000000000000101
00000000000101010000000000010110
10111111001101011010000001110001
00000000000000000000000000000101
00000000000110000000000000001010
00111111110010001001101010110101
00000000000000000000000000000001
00000000000000000000000000000011
00000000000000000000000000001101
00111111001010011101100000001011
00111111001000110111010111011011
00111111001101110011110110111100
10111111100111101110001001000110
00111111100010000110010010000001
00111111001001011000100111111011
00111111100000110111110010101101
10111111110001100101000000100110
00111101110011001001111010000000
00111100100101011000010110110010
00111100100000011000011101101101
00111111100001110000001010101100
00111110101110110010000100100001
00111111100101110000101111000000
00111111101110110110000100100101
00111110100100011010100011101101
10111110001010101000001001110000
00111111001110010001101111010001
00111111011000011111011110010100
00111111001001011100000101001101
10111111000010000100000010001000
10111111000110000001111100010011
00111101101000001101001011000111
10111110101111010101100110000011
00111111100000011100011101101100
00111111100100101010000101101110
00111100101000111010011011000101
00111110110001001000101110000111
00111111100111000000011011110001
00111110111000110001000100010110
10111110100110111101011110001011
10111111100101101110001011001001
10111111110000000010011001011000
00111111101000100011010001110010
10111111101110000110100111100010
10111110010010011011111001000110
10111111010011000101110111011010
10111110110000000101110000011011
10111110111001010100001001001100
00111111001111101011100110100101
10111111010001000011001001011111
00111111100111000000011011110001
00111111011000010001001110100111
00111101000111000001011011000101
00111111100011110011001010010110
00111111100111111010000100011101
10111111000111000100011111100110
00111111101010001101000100100000
00111110100011011001101011110011
00111111100000000010101101100001
00111110001011010100110011110111
00111111111010011011101101110100
10111110111110011010000010010101
10111111100001110011000000100010
10111111110010101100111100110001
00111101000101101101000110111010
10111111110001001100011100111101
10111110100100000100101000110100
10111011000010100101111010010101
10111111010001000101011010100010
10111111011100110010001101001001
10111110001001100111100101010001
00111111001100111000110111111101
00111111100110111110111110101010
10111111001111110001101111100110
00111111101000010111110010001101
10111110110010111001001011010011
00111111101001010011101001100010
00111110000111001010111100110111
00111111101010110111011010010101
00111111010011011101001100001100
00111111100100011000111011100101
10111110100110000101010011011110
00111111000111111110111101011100
00111110111110111101001001110001
00111110111110010110101011100001
00111101101100110011000111111010
00111111111001111001101110011001
10111111010100101010100010100100
00111111011011011010001111000000
10111111101001100000000101101111
10111110000011001100001110111110
10111111011010111011110100100000
10111110111010001110101011110010
10111110101110010100100100001101
00111100011111001100000111101011
00111110111010010011000000001100
10111111110100000010110110000001
10111101111001101110000011000111
00111111001000011110011110001010
10111111000100010011100010100110
00111110111001000101001000111011
00111111101011001100010010110110
00111110110110110100010001110001
00111111100000110010000100000011
00111101110110100101001110110011
10111111010001010000011110011010
10111111101000000010101101111011
00111110111110000011111001110100
10111110101001011000110100010001
00111111011101110010011001000100
10111111100011001001001101001111
10111111101100101110000000111101
00111101010011010110000110101110
10111111100101101001001001110011
10111111011001011110101000100101
00111111100111000000011011110001
00111110000111001010111100110111
10111110111000011111101110110100
00111111001101011010011100110101
00111111011010101101010011101011
10111111000111000100011111100110
00111111110000001010011110010000
10111111100001001010110111100100
00111100100000011000011101101101
00111111011010110010010100000101
10111110001110101001011101000000
00111110110100011100001010010110
00111110001010000100110111101001
10111101000111111010011111011001
00111110000111001010111100110111
10111111010010001010101100001100
10111111101100110001010111101110
10111111110000000010011001011000
00111100011111001100000111101011
10111111110100000100000001010010
00111110011011110001111110110011
10111111100011001001001101001111
10111110001000011000001011110000
00111110000110010101000101101100
00111111000010010101110010101011
10111110111111010000011011000010
00111111011001010011111011101111
00111110000111001010111100110111
10111110100110111101011110001011
00111110110000100001101110001010
00111111000110111000010110000001
10111111001100000100111101000100
00111101110011001001111010000000
10111111001010010111100001001101
00111111001100111000110111111101
00111111110101110011100111010001
00111110101110110010000100100001
00111111000010010101110010101011
00111111001001111111010011000010
00111111011011100111001001011111
00111111101010000100111101100001
00111111110001011100010000100100
10111111101100110001010111101110
10111110110111010001101001010101
10111111100101000011110110111011
10111111000110000001111100010011
00111111110000110011011100110100
10111111110010001110011111101010
10111111111000000011011100001111
10111111010001111001101101010001
00111110111010001111011000100100
00111111101001001110011010100001
10111111010111011001100110011001
10111110010010000100000100100011
10111111001101110010001000000010
00111110100000011010011010100011
00111111001011010110111000100101
10111111010001000101011010100010
10111110010100011011111100110000
10111110101010110110100100001110
10111110010010110011000101000100
00111111000100000111011101100001
00111111011111110000010101111100
10111110000000000000100001001100
00111111011011011010001111000000
10111111101011110011010011011111
10111111100000010010001110010100
10111111101100110011111000110011
10111111100001001100000111101000
10111111010000000110101110000111
00111110111110000011111001110100
10111111101001110001001110111111
10111111001101101011001000101001
10111111100011001001001101001111
10111111001000100111000111011110
10111111100110100011000001010011
00111111001001111000011000010111
10111110111111010000011011000010
00111111100111000000011011110001
10111111001010010000101100010001
00111111010010101010010011011011
00111111011000011111011110010100
00111111011010000100010111111000
10111111000010000100000010001000
10111110011101000110101101110101
00111111011101110010011001000100
00111111101100011000011111011111
00111110110011010011101011001000
00111111111101000101101010111001
10111110101101000000010111101011
00111101010011011010100111000000
10111111001011111001100001100110
00111110111000110001000100010110
10111111010110100011010000010110
00111110110100100011100011000100
00111110100010010001001001111110
10111111010110000101110111111111
10111111001001010001111110101101
10111111101010000111111111101101
10111110011101110001000110110101
00111110100001110111101000100010
10111111101011100010100010001110
10111111101011011100011000000001
10111111101101111000010001010111
00111111000000000000100100011001
00111110111000110001000100010110
10111111010110100011010000010110
00111110100110011101001001111010
00111100000000010010010100010011
00111110110100000010111110111001
10111110100010111000101111011101
10111111010110011111011100011111
00111111000111011001110111000101
10111110110000000101110000011011
10111111011111111011000100010001
10111111010000000001100011111111
10111111100010111010111100001001
00111111000010010011110010001010
00111111101010000100111101100001
10111111110001001100011100111101
10111110111010001110101011110010
10111110110101111111110001101111
00111110100000000001001001000010
10111110101011100011100000100011
10111111100111010111101001100000
00111111110000011111110000001001
00111110001110110100000001001011
10111110101100100100010111001011
00111111010111001110001100010000
10111111011001011110101000100101
10111110101001110010110000000011
10111111100000010010001110010100
10111110001010110110011011000111
00111111100010110010101101001000
00111111100100101101011001011110
10111111100101000011110110111011
00111110110101111101100111101001
00111111011011100101010100000110
00111110011010111001001100100000
00111111101010000010010010010100
00111111100000111100001001110011
10111111010000000001100011111111
10111111010111001110110001010110
00111111000000000000100100011001
00111111011000010001001110100111
10111111100100000010110000011111
00111110110110100100011101100001
00111110100100110100111001001010
00111110111110000011111001110100
10111111011100110010001101001001
10111111011011011100110111101001
10111101111001101110000011000111
00111111010100101011101100110001
10111111100101001010101001001110
00111111100101001011100111001100
10111111001011111111011101001111
00111110110110110100010001110001
10111111010111010001100011001001
00111111000001001000000010110010
00111111110010111010000000101111
00111111111101101001110101011111
10111110110000000110001110011010
00111110111000001000010011111011
00111111110010001011100111111010
00111111100101100001101110011001
00111110101000110110000011001011
01000000010010001100011111111000
00111110001110111000000110100011
10111111100110010010101110111111
11000000000110000000001010000011
10111111101001100101000111110010
10111111110001001100011100111101
00111111100010110010101101001000
00111111100101101010110011001011
10111111010110000101110111111111
00111111100100110010010101110100
00111101110101011011101000110111
00111111001100111000110111111101
00111111010011110011111001011100
10111111010001011110100000111100
10111111000001100001100000011101
10111111100011110000111000110111
10111110100101001100010100100010
10111111100000010010001110010100
00111101000111000001011011000101
10111110110000001010000111100001
10111111011010010101101010110101
01000000000000110010110010100011
11000000000000010000101111111011
10111111010001010000011000101101
00111111101000010001001110110101
10111111100111111011000110101001
10111110001110101001011101000000
00111110111001000101001000111011
00111111111110100101000111001001
00111111111001011010001001110101
00111111110011010111110111000000
00111111010010101010010011011011
10111110111110010000100000101100
10111111100001010100111010000101
10111111010001000101011010100010
10111111010101001100110010001101
00111111101111011011010001101110
10111111100111010000011101111010
10111111011010000011001010000011
10111110101100100100010111001011
10111110000000000000100001001100
00111100011101110011001101110010
10111110100101001100010100100010
00111011111111101011011110001001
10111111011111010100011000101010
10111111101101010001100110010101
10111111101111101101111011011110
00111111011000000100010000001111
10111111110100000100000001010010
01000000000001010110110110100001
10111111110100111110000000000110
10111111101001101010101101010011
10111111011000010001100110010001
00111111010010100101001101101100
00111110101011100001000100000011
10111110010111111110111011000000
00111111001110111110010101001000
10111111001101110010001000000010
10111111101111010010100000110010
10111111101010010001111111001110
00111110101010000010000011111101
10111111011101110111100011010010
00111111111110010011100011001100
10111111100011001001001101001111
10111111100111011111001100111111
10111110110010111100010000001011
10111110111000100110110100000111
10111111001010110111100001101000
10111111000111010011000110000101
00111111011000010001001110100111
00111111000001001000000010110010
10111110111010001110101011110010
00111101101100111110000101011011
10111110011000001000110001000110
00111100011110100000100100101010
10111111101001010011000101110110
00111110111000110111101010101001
00111111000000101000010000001100
10111111101001011010100100100011
10111110111110011010000010010101
10111111100000101011000100111011
00111111001101110011110110111100
10111110110011000011110000000001
10111110001010110110011011000111
00111110010100101111010110011001
00111111001001011100000101001101
00111100011111001100000111101011
00111111010011111001110000111100
10111110010010011011111001000110
00111111100000000010101101100001
10111110110001110101010111000101
10111110010000010110001110010110
10111111010000000001100011111111
10111110111101000000100011110011
10111110000101100101001100111100
10111110100100001011111010011100
10111111101010100111100110101110
10111111100010101100110011011101
10111111000000000111010111001111
00111111100110000011000011000011
00111101100001110100010111110101
10111111100100100111010011010100
00111111000001111010110110001100
10111110110111000100001011000011
10111111010110001001101000100110
00111111000101110100100001100111
10111111000100000111111011111101
00111110101101100111011010101111
00111110100110001011010001011001
00111111100010000110010010000001
00111111100001110010001111111001
00111111010001110000001110100010
10111111101010000100010100011001
00111111101101111111110001111110
00111111000000110110101111111111
00111101110011111110001110011101
00111111000110101110110111100000
00111111101000111010000001000100
00111111100000010000000100101101
10111111000110111011110000111111
10111111000010101100101010100100
10111111100000010010001110010100
10111110100110111101011110001011
00111111000100010110010101110011
00111110101001111100010111100001
10111111010110000101110111111111
00111111001001000100010011100101
10111110000111011010100000010100
00111110101101111001101000111000
00111111101011110001111000111110
00111111011111110000010101111100
10111110111110011010000010010101
10111111001001101111100110000001
10111110010111111110111011000000
00111111101110101110011010010001
10111111010110100011010000010110
10111101110111101010010111010111
00111110111001010010110010100110
00111110100000000001001001000010
00111111000000011001100010100000
10111111101000011110001011111111
10111110100100010111100100010010
00111110100001110111101000100010
10111111101001101110111101110011
00111110011010011110100010111110
00111111100001101000111000001001
10111111010000011111111101000111
00111110111000110001000100010110
00111101110110100101001110110011
10111111100111101111000101100110
10111111101110011100000011111000
00111110111110000011111001110100
10111111000000100111001101101000
10111110111010010010000110111011
10111111110000110110101111011100
10111111100111011111001100111111
00111110101000011010001011100001
00111111000110111110110001010000
10111111001000000011101100100110
10111011010001110000110100011100
10111101110111100000101000011001
00111110110000101101110100111101
00111111011001011111111011100010
00111111100101111111010001000100
10111111100101000011110110111011
00111111000101110100010001001011
00111111010010110001000000010001
00111111000100101010010110101000
00111110110011010011101011001000
01000000001001011011101001011111
00111111010000110101110110001110
10111111000100000111111011111101
00111110001101001110100010010101
10111111100000010010001110010100
10111111010010001010101100001100
00111110111110101000000111010101
00111111010000011110010110111101
10111111000111000100011111100110
00111110101101010010110110100100
00111110011011110001111110110011
00111111010101000111011001010001
00111110110110110010111000011100
00111111111110001001101001101111
00111111011000011000011011111010
10111110110110010000111110001001
00111111010100101101100000001110
10111111101001100101000111110010
00111101000111000001011011000101
00111111110000011000110111101011
00111111110001110100100011010010
10111111110001100101000000100110
00111110001010111010011111001010
00111110001001000010110100101010
10111110101001110110100101001011
00111111101010011110001011111111
00111111100110010000000011111110
